month,Ols,Enet,EnetVal,RidgeVal,Combine,Cenet,Avg
1985-01,31.977858229475714,0.0017372888888888892,0.0017372888888888892,0.06489235985349848,0.0015287993835492709,0.0017372888888888892,0.0010527214565397925
1985-02,-0.020995689487266517,0.00211646408839779,0.00211646408839779,0.016180395556873096,0.0017910619562799437,0.00211646408839779,-0.0012813287956007526
1985-03,-0.12472804857729808,0.002150802197802198,0.002150802197802198,-0.0357612960091107,0.0021833185237621748,0.002150802197802198,0.0022061435298695326
1985-04,0.12477581377398496,0.002101693989071038,0.002101693989071038,0.033182263561129806,0.0022437012865731292,0.002101693989071038,0.0037710552003523768
1985-05,0.1411704719574672,0.0020310108695652178,0.0020310108695652178,0.04503564962373823,0.0022395056989765482,0.0020310108695652178,0.003099195969550113
1985-06,0.018253462323721437,0.0023234918918918924,0.0023234918918918924,-0.004639832662796648,0.0024422194659930994,0.0023234918918918924,0.0018801129322382907
1985-07,-0.019382925191118533,0.0023678010752688178,0.0023678010752688178,-0.02039837899411017,0.0022732222586635906,0.0023678010752688178,0.002694918182126682
1985-08,-0.12203984749113159,0.0023042245989304817,0.0023042245989304817,-0.08017698958991785,0.0019152278793677722,0.0023042245989304817,0.0007940115526342715
1985-09,0.05518417372754014,0.0022282819148936174,0.0022282819148936174,0.03804650309606976,0.0021270015644142717,0.0022282819148936174,0.002975044308620366
1985-10,-0.021177483994042,0.0020088306878306883,0.0020088306878306883,-0.0009944896928913518,0.0019094964172523081,0.0020088306878306883,0.0033377817809274075
1985-11,-0.014464719436038456,0.002201305263157895,0.002201305263157895,0.050123732603594325,0.0022915143715663555,0.002201305263157895,0.002589080818670913
1985-12,0.07629597259688217,0.0025342146596858644,0.0025342146596858644,0.07239770071402178,0.0024970275620593537,0.0025342146596858644,0.001048921628677837
1986-01,0.19361256422815534,0.0027379739583333336,0.0027379739583333336,0.16187562487341972,0.0032695667613536913,0.0027379739583333336,0.002528710295442621
1986-02,-0.15484934203365458,0.0027191554404145083,0.0027191554404145083,-0.11360308037740392,0.0028055260426340864,0.0027191554404145083,0.002586701712826332
1986-03,-0.06832546843571247,0.003072278350515464,0.003072278350515464,-0.03361822409065756,0.0034170508395457255,0.003072278350515464,0.0025056278319858186
1986-04,0.1312001179040242,0.003312071794871795,0.003312071794871795,0.1514450274402801,0.0034399638640541888,0.003312071794871795,0.0037197072305038027
1986-05,-0.1254643008038126,0.0032005408163265307,0.0032005408163265307,-0.07357542287132704,0.002750329982142638,0.0032005408163265307,0.0029396946898800247
1986-06,-0.12145267836717442,0.003440263959390863,0.003440263959390863,-0.08503290232308508,0.003234837533800471,0.003440263959390863,0.002893556756931239
1986-07,-0.03678659681733951,0.003476141414141414,0.003476141414141414,0.016939411886204847,0.0036698989644288354,0.003476141414141414,0.004409567155909224
1986-08,-0.13421631537070283,0.0031433919597989948,0.0031433919597989948,-0.11889176005306083,0.003130005233266717,0.0031433919597989948,0.0039723379147728385
1986-09,0.0274401908033136,0.0034767599999999993,0.0034767599999999993,0.05222511427444741,0.002895163203088131,0.0034767599999999993,0.0036250940583714185
1986-10,-0.08151581396830905,0.003022930348258706,0.003022930348258706,-0.07376324104205914,0.002126868636148654,0.003022930348258706,0.002931652310744676
1986-11,-0.2220800511677749,0.003265084158415841,0.003265084158415841,-0.16406770417095137,0.0031104602297092254,0.003265084158415841,0.0023562525331983194
1986-12,-0.059768185007437545,0.003352330049261083,0.003352330049261083,-0.060644743801851864,0.0030913532781061443,0.003352330049261083,0.0035286075268703876
1987-01,0.09056711946561727,0.003177009803921568,0.003177009803921568,0.07913584072480832,0.003158221837205306,0.003177009803921568,0.003190958227458447
1987-02,0.0005969098267467055,0.0038004536585365843,0.0038004536585365843,-0.02744048147560576,0.003373844515330076,0.0038004536585365843,0.0030525185654575572
1987-03,0.1272638819997859,0.003963936893203883,0.003963936893203883,0.08788176179851918,0.004065220913176334,0.004714589453369313,0.0022028649762976154
1987-04,-0.06256192303971779,0.004049309178743961,0.004049309178743961,-0.07713057458547924,0.0031404151530363975,-0.004439485690957824,0.004440039977257166
1987-05,-0.029630078451271732,0.003965201923076923,0.003965201923076923,-0.03811223985624185,0.003446885242411007,0.003965201923076923,0.00406441126894672
1987-06,0.1489321571929611,0.003971722488038278,0.003971722488038278,0.15781840213239134,0.003971122819637331,0.003971722488038278,0.0038207677763936673
1987-07,0.09314968592180933,0.004168714285714286,0.0037334390500029847,0.050433452839125974,0.004318285362462658,0.0021997844963505295,0.004158223317463085
1987-08,-0.14509190466164265,0.004363379146919432,0.004157393810461187,-0.12866646112405986,0.003796022007977288,0.00877299150945085,0.0041161315654830635
1987-09,0.11047701596625566,0.004505099056603774,0.008611592832864076,0.06370653781902422,0.0044538427143484905,-0.004604264147860734,0.004038881741901254
1987-10,0.0538105268050114,0.004359816901408451,0.00542630090874046,0.049659480537322484,0.00436962905047751,0.007690756303124787,0.0045669617730842525
1987-11,0.112303670707468,0.0033030186915887854,0.0005929648232610202,0.07066200710938464,0.0035091156977798987,-0.022276710351004873,0.004136329122868702
1987-12,0.0545432089143183,0.0028905674418604663,0.007020351546402723,0.02582999686463352,0.0033389596746355977,0.004457087945926213,0.002716174336442813
1988-01,0.14255867834500335,0.0032013611111111114,0.005201931164140439,0.1031527271190758,0.003579335997877154,0.019376019519174073,0.0035036971015209363
1988-02,-0.033497148903622875,0.003370073732718894,-0.0012394007288202328,0.008827049798102634,0.0035061111428331205,-0.004531660103757629,0.0033371332639990803
1988-03,0.21033989986425652,0.0035511513761467893,0.005372849129675348,0.16074367804617848,0.003821177570325862,0.011429173685438934,0.004134864509339791
1988-04,0.10205844732407453,0.003373990867579909,0.010686383794979803,0.09338968114772772,0.003938532912805679,0.009771919162108431,0.0034230144813396234
1988-05,-0.06085551025219524,0.003385545454545455,-0.0012883026127491373,-0.051836839300704894,0.003070880241092981,0.003870620753274179,0.0033726300629728263
1988-06,-0.032675429595664496,0.003383402714932127,-0.004234817171875116,-0.016844392741076096,0.0033810290702588506,0.015028324977919057,0.003202530509708702
1988-07,-0.13142787450073928,0.003560846846846847,0.0019233868430492524,-0.09559891344639791,0.004224270122847941,0.004059215001094511,0.00377039343677969
1988-08,0.061699792926845166,0.003502017937219731,-0.001534293384724075,0.055166438909098385,0.003536254610577563,0.00011378862681839805,0.003468281926692711
1988-09,0.07183555303823953,0.0033150089285714284,0.00042144590346946667,0.06593583178862943,0.003327845101874808,0.0006043057846256305,0.003304298681716606
1988-10,0.025537893255364777,0.003462671111111111,-0.002310154418444179,0.0370037156351856,0.003496312094961655,0.0025065316104051698,0.0034934891160562265
1988-11,0.07827809934194746,0.0035393451327433625,0.0028193453705338553,0.05746953948972267,0.00363302866554485,0.02304252862440704,0.003514596162235254
1988-12,0.06385016806489366,0.003435405286343612,-0.0014147524561627248,0.04847916876665165,0.0032177638562385217,0.0063434359450827114,0.003496523727235387
1989-01,0.009185336357605725,0.0034740789473684205,0.008245132913837022,0.014856953818153162,0.0034213077224696754,-0.006263280511603573,0.0036249003539718153
1989-02,-0.027268896690469932,0.003750624454148471,0.007738323679221043,-0.04164020509085532,0.003836378130615587,0.007449543609355694,0.004041247027640831
1989-03,-0.06552247223642876,0.0035989652173913037,-0.0012216893360425993,-0.06535945536943388,0.003477773075899426,-0.015569711931712025,0.0036502570394653776
1989-04,-0.12623390996172396,0.0036541125541125533,0.0012301823539782044,-0.107148220889152,0.003676106965367869,0.0016344925309455347,0.0036380419967795303
1989-05,-0.03905668608699384,0.003832357758620689,0.0031827282386408993,-0.02807455310462395,0.00392876436713222,0.0072724601098208465,0.003962099363116397
1989-06,0.07222909872860646,0.003958064377682403,0.0036673386100870954,0.07203631778634911,0.004145302184506426,0.013225474177441042,0.004128335596754896
1989-07,0.1340893176609817,0.003886829059829059,0.002962074525987607,0.12362888995845263,0.0040128610280732845,-0.003967853970929173,0.003777059999357717
1989-08,0.0656152744433747,0.004223706382978723,0.005906908706012795,0.06747148628981832,0.004193519462041768,0.004223706382978723,0.004176728667921767
1989-09,-0.015092203746816524,0.0042585762711864405,0.004394581955057035,-0.0220595190400947,0.004180719368294102,0.0042585762711864405,0.004288920697878114
1989-10,0.0035878502937506246,0.004196286919831224,0.00866665608748086,-0.0039414619590051915,0.004620768662366955,0.004196286919831224,0.00411932336442701
1989-11,-0.017608105309250676,0.004050760504201681,0.006129533488175036,-0.00915017776369508,0.004001232333329147,0.004050760504201681,0.004184267408688619
1989-12,-0.0033301554671090958,0.0040906276150627615,-0.0018398563216862193,-0.010695899751437135,0.0036827818922670636,0.0040906276150627615,0.004204159385116129
1990-01,-0.10416855500965676,0.004142570833333333,0.0005603776946201656,-0.08871960143579001,0.003571444430286762,0.004142570833333333,0.004185229898897327
1990-02,-0.0707966857924715,0.0038209792531120326,2.1658118076750554e-07,-0.06468272200727197,0.003597144469544962,0.0038209792531120326,0.003861011534137384
1990-03,0.0030542913753866877,0.0038369297520661153,3.040947854497612e-05,-0.004129659283522982,0.0038752952191374256,0.0038369297520661153,0.003947570006029216
1990-04,0.03793503554695434,0.0039042181069958845,0.0006832243131807214,0.016786705399751165,0.0037422619596206913,0.0039042181069958845,0.004230479752555925
1990-05,-0.10050708540712011,0.003759512295081967,-0.01343606704387032,-0.09042325345233661,0.0037079551337813334,0.003759512295081967,0.003755197015975582
1990-06,0.1503051831730922,0.0015532413888137949,0.00411404081632653,0.13222828292482736,0.004179084758218034,0.00411404081632653,0.004152399148041435
1990-07,-0.006245250290574107,0.0038399911991758118,0.004044252032520325,-0.002025902600739776,0.004331055060007556,0.004044252032520325,0.004050746893871794
1990-08,-0.06659152503188204,0.002903331015482733,0.003982315789473684,-0.04858953715854333,0.0033924477166435638,0.003982315789473684,0.003940222992242611
1990-09,0.0437020727454945,-0.005557088966793047,-0.006185218208319119,0.044518804783644395,0.0029237437309379893,0.0035735120967741933,0.0029753750428936888
1990-10,-0.08196726604546808,0.0026825848705603087,0.0016708923208529351,-0.07601236936928293,0.0021729415017015846,0.0033384417670682728,0.00278124493620679
1990-11,0.027296230343165404,0.0015215940770847993,-0.0012024619370047023,0.029193859709856225,0.0029423368641509715,0.0032834999999999995,0.0032375321007865505
1990-12,0.21501652963088014,-0.002423437941796923,-0.0010520162608292586,0.195245067940048,0.004220835477705833,0.0035049243027888443,0.005254947995497115
1991-01,0.04824544918675355,0.0021521874222570807,0.005222353177133379,0.050437676475022536,0.004268074760677153,0.003578265873015873,0.004295807076267237
1991-02,-0.023259762404850656,0.0007241146110306819,0.00013526365126988703,-0.030194880171533447,0.004714247765606494,0.0037214387351778653,0.004410085574496049
1991-03,-0.05156622109146149,0.003969641732283463,0.008117769646379587,-0.04296566096715235,0.004590660976421212,0.003969641732283463,0.00489086273550338
1991-04,0.015952760163536854,0.004032325490196078,-0.005017566319039242,0.024434865375765766,0.0049472257197197,0.004032325490196078,0.0035946700687663103
1991-05,-0.0064227474210838825,0.00400473046875,0.003785622548062321,-0.00410860108745263,0.004427037833148541,0.00400473046875,0.004392607972452473
1991-06,0.08391127045061678,0.004137902723735409,0.0036355095450823936,0.06972923063368142,0.004419670230701491,0.004137902723735409,0.005186858854716139
1991-07,-0.14080585667003917,0.003929782945736434,0.005984404236424278,-0.13127552072040574,0.00349418332906789,0.003929782945736434,0.003469852635525295
1991-08,-0.011988231357288229,0.006606987145559373,0.017655866175809387,-0.012618619421393189,0.004726372843802003,0.0040753281853281855,0.005122382533713061
1991-09,0.10614486795967618,0.004133826923076923,0.006819489300343763,0.10285581650772252,0.00486273979360505,0.004133826923076923,0.005118050625759913
1991-10,0.07408411144927107,0.010771290500586905,0.006630217563598613,0.07393853217074708,0.004082986579375841,0.00403576245210728,0.004188777979124252
1991-11,-0.018028825357998372,0.012018817713484333,0.004717192379113435,-0.01436129197285478,0.004249113503642354,0.00405569465648855,0.004281601885428507
1991-12,0.009290018050883468,0.01811594839548486,0.005523680998460437,0.015228526255677131,0.0039565487515929336,0.0038725399239543726,0.004612556963749124
1992-01,0.02138696896852521,0.00241765368974455,0.002828285948109357,0.015370158366519834,0.005160297403173504,0.004275632575757576,0.006403904173067642
1992-02,0.07185256730961588,0.004527625136143576,0.006161674661391706,0.06996259687903553,0.004489467067307686,0.004177430188679245,0.002296030231550998
1992-03,-0.09759029872749374,0.006069018579573096,0.005355119023443691,-0.09593027511294645,0.0036703409001572415,0.004199563909774436,0.0032887566624569117
1992-04,0.07688909820251218,0.005559435606563429,0.0003476917707421678,0.06911263732310939,0.004088357797661794,0.004098179775280899,0.003163768561716353
1992-05,0.015774843560342623,0.009609454010901306,0.002637970686698525,0.009968469944258361,0.003693319314030371,0.004177716417910448,0.0031545188280223974
1992-06,0.0674001464770332,-0.003280035996141533,0.002269760762734534,0.06098687548694069,0.004388259970694109,0.004169806691449814,0.0049476968695860565
1992-07,0.05173879750493461,0.022527837366444627,0.00844258347957049,0.05415250407554735,0.004248879997726774,0.004086844444444444,0.003990322078904038
1992-08,-0.035833914731091106,-0.006015501162387817,-0.009126608321344775,-0.03735047004235693,0.003996990174562571,0.004211335793357934,0.004721192900572946
1992-09,0.0033002097444968306,0.0005523287561450345,-0.0016924176691224084,0.005588208867338547,0.003977430009758161,0.004110503676470588,0.004309322464240043
1992-10,-0.057515013086224684,-0.001497232569291785,-0.010286651812602795,-0.053890296685615326,0.00400354326307349,0.004127461538461538,0.00424008940357527
1992-11,-0.04014924744793505,0.007519734612230305,0.00911002173426893,-0.034991946200118695,0.004655265360213259,0.004121507299270072,0.005168320249384337
1992-12,0.10551880879385378,0.01154357051587911,0.024044800801310034,0.10433081566495817,0.005152084883581097,0.004221043636363636,0.005620719096393587
1993-01,0.11092530645598885,0.011341590750140027,0.011525121242147138,0.09937777463560471,0.004411362300734733,0.004244083333333332,0.0035197033625913206
1993-02,0.04782682901803075,0.004782072026241893,0.0059955421012304645,0.04132680429208797,0.004305039862380667,0.004246747292418772,0.002429119021693427
1993-03,0.00789309384050308,0.005197491144484352,0.003602465614957665,-0.003050606614970265,0.003551103828650896,0.0042722122302158265,0.002652490823817634
1993-04,0.00633258232759322,0.010138116415619677,0.011901977546892137,0.006228847119412901,0.004589215950232548,0.004323931899641577,0.003927976400387086
1993-05,-0.04466571781212553,0.008182614976259602,0.0054534410985782895,-0.047442619722819546,0.003684694489421012,0.004212349999999999,0.0033900701071948158
1993-06,0.006581932959131984,0.0030367656738243135,0.000757634565638674,0.005863662384073496,0.004489479641195945,0.004282978647686833,0.005322082025181828
1993-07,0.06644176724659584,0.010537222838836903,0.012925781555060462,0.06542149165494053,0.004805475211998738,0.004271216312056738,0.003502994177273078
1993-08,-0.061018229624343535,0.002410869146483623,0.0012076691721474384,-0.05863841767666684,0.004091171905931904,0.004231413427561837,0.0033214173880013642
1993-09,-0.12539521826387973,-0.006454558363819498,-0.015707583988358968,-0.11413683628418334,0.00418089457306562,0.0041447861776389705,0.004490453759643482
1993-10,-0.073082005970067,0.00804586014686072,0.008556774319007773,-0.06549251532295547,0.004638526774281684,0.004288557894736842,0.004297842041947866
1993-11,-0.00011121341151278108,-0.0024952627636748545,-0.005397480903741291,-0.0015273523744881133,0.004039024478313154,0.0043353951048951045,0.005506957677135789
1993-12,0.016095489819339535,0.000696717464219873,0.002253183577501331,0.017251620906003313,0.004512218655048589,0.004281421602787456,0.0054013305238766705
1994-01,0.09064291331527646,0.00860359063536155,0.007570427484509965,0.08085794300390763,0.004492055543071239,0.004302479166666666,0.004406221016031875
1994-02,-0.042301304595380895,0.010786727950206642,0.01572854585157112,-0.03833122511039131,0.004785606498771648,0.004394612456747404,0.004437860610559136
1994-03,0.06380377966154104,0.0065615413686819935,0.007997812735742856,0.05747130646574311,0.0043709360257622246,0.004278558620689654,0.004490844496171776
1994-04,0.06559838753966034,0.007462827915444064,0.014413818547182232,0.0638834635071151,0.004212853775598898,0.004105243986254295,0.003917966789612411
1994-05,-0.026746413191201957,0.004249366837445184,0.006550222335419225,-0.02377768109624099,0.004232884446848169,0.0041258321917808215,0.0036261680543206998
1994-06,0.06936084306102444,0.012606925974583096,0.019447735278588382,0.06892905286561783,0.004442757322983208,0.004156832764505119,0.00456636807957464
1994-07,-0.03310278466022907,0.008196896697848932,0.00705807929036793,-0.03082388901984698,0.003930897899891521,0.0040479251700680265,0.003937927503385314
1994-08,-0.0656056318435197,0.002446456197908602,0.002619292068834257,-0.06382273429861571,0.004283041686660785,0.004135606779661017,0.004161843161040252
1994-09,-0.07217824356690537,-0.013992951220696583,-0.015345739681704853,-0.07169704635544526,0.003945643592473594,0.004248800675675676,0.004917128983848768
1994-10,0.025310175007003444,0.011451288664140228,0.010995919704995527,0.02597482359717995,0.003765734167626143,0.004141430976430977,0.004374705730558692
1994-11,0.012345529430077745,0.00469544499325606,0.00536183337933731,0.010531802056757508,0.004047129467355431,0.002539532898533118,0.0041955319163231135
1994-12,-0.04106449504922653,0.012879043369402939,0.012683483800885666,-0.034662709033269436,0.004035781007395427,0.004918340557306878,0.004241862605048988
1995-01,-0.014235056877924413,0.00199079687492096,0.002097019263914111,-0.010975795449960765,0.004050532443664989,0.002964676158696935,0.0038958997991726486
1995-02,0.08505575613504786,0.011192051045576943,0.012652326550898416,0.08499772323758843,0.004686465695169282,0.010532569534570206,0.004022607026677841
1995-03,-0.026960046982493324,-0.0029991472652079213,-0.0027676138371332025,-0.025975060972203902,0.004015977469874991,-0.0013862074928585426,0.004133460411305597
1995-04,0.008202648254596503,0.0062435650066766536,0.005900018722502962,0.006246932175459024,0.00396555460583586,0.004464873573789019,0.00470828480738774
1995-05,0.05110979392373266,0.0046983277812479175,0.005485372561991563,0.04446127676294501,0.004404280358384274,-0.0005721925856177592,0.004145632905075565
1995-06,0.028669556684943413,0.006601137527328717,0.006198203736495357,0.02626861443399099,0.004890322697405784,0.00013706548541493938,0.004470926295340516
1995-07,-0.052720617150372566,-0.002723668515284986,0.0013143310313053977,-0.04774384405289266,0.004478988066650609,0.002823793447097404,0.005191260549069538
1995-08,-0.09996487257070014,-0.00451660260538368,-0.0045855669363171645,-0.09655837467509111,0.004649685378391652,0.0037817562627575057,0.005184966948770923
1995-09,0.02075889809760021,0.0038362211089809774,0.0038541487522187434,0.0232982381632673,0.004975991459159878,0.009118511631149125,0.004361036562620099
1995-10,0.010333039316367554,0.0134007983779728,0.014167002762921758,0.012008580008233368,0.004806503939865137,0.011902460098769135,0.0045431322438557525
1995-11,-0.05781817275963479,-0.005002710686696945,-0.0050077844958532815,-0.05697187955607752,0.004200358120827438,0.005268567010551112,0.004056595252532481
1995-12,-0.028801043591224318,0.02262234640796532,0.012409267806039686,-0.024856031691652694,0.005038309010627974,0.003554843278100196,0.005115099564390303
1996-01,0.019669390397130955,0.007102804954956791,0.010260173096163231,0.012554460696559255,0.004691372850732932,0.0047675627212783785,0.0046870443483405
1996-02,0.028512086890072154,-0.000659652764827785,-0.0004079940232069321,0.02692906825767621,0.00486062579888838,-0.005134226083161471,0.004742810172503078
1996-03,0.03367194701898768,0.019410242437993143,0.009861590401121306,0.03420124889549743,0.005380407718118691,0.01969101180563088,0.0050941677791424165
1996-04,0.12195208622609613,0.010243660212873398,0.008972533898926795,0.11612354963466934,0.0052508672484160406,0.0027771285768962025,0.005104459022480334
1996-05,-0.11553559654641982,-0.013220284551802134,-0.009465824528770905,-0.10726793714756323,0.00468290899153089,-0.003459095269634893,0.005695081086022541
1996-06,0.07113138432267356,-0.0014692727518424093,0.006856476696660225,0.07152842870619742,0.005299269331105312,-0.014422937722550835,0.0052507862399063625
1996-07,-0.00924721901763901,0.01069740495532983,0.007197614015519324,-0.007326805704779803,0.004864820107385445,0.00824518941885706,0.004309272381292714
1996-08,0.06760059658047018,0.025619878268231585,0.01199838663064096,0.06557231954460026,0.004912547881703569,0.012209772826483693,0.0032002797471790954
1996-09,0.011040380975655191,0.006622880866601372,0.0036121685908522445,0.007904806930057842,0.00504253505211767,0.005080068617588528,0.005480731208459915
1996-10,0.03562793976332391,0.005230588459728767,0.002882260538253774,0.034253885252827604,0.004976213141092081,-0.0002957330174104319,0.006224783394690881
1996-11,0.0025235247131318445,0.0012245886531501945,0.0023869937064922367,-0.000102063184108157,0.004798497780258304,0.002625037484390398,0.003410745993040467
1996-12,-0.039194123189974873,-0.0034583744054881667,-0.0032714637703194173,-0.03528373501936249,0.005185461317952165,0.005200476780185759,0.0054510419859809325
1997-01,0.03993714595682289,0.006190320783316179,0.004138404217226993,0.03677427314874397,0.00491492753787319,0.005109123456790123,0.005151429104095856
1997-02,-0.06295127999789053,-0.0027556100634401606,0.005202669807440547,-0.06358920419959847,0.005059183036839056,0.005272870769230769,0.005634606566109584
1997-03,-0.1223247721990293,-0.015155060519250696,-0.0006227814955793321,-0.11596500462074318,0.005363374424091623,0.00526851226993865,0.004397532608316213
1997-04,0.044836127217782754,0.009556475381346043,0.008546144912099514,0.04120825269734854,0.004795810108856727,0.005111764525993883,0.004114796569632959
1997-05,0.08301760482060803,0.012017874604693564,0.004260487609144354,0.07910879055963121,0.005260631937008269,0.005266832317073171,0.004950803619185783
1997-06,0.036215608346949785,0.006726946523166231,0.004310881118958496,0.03687027345642778,0.005700330031191914,0.005422559270516717,0.006842176559828365
1997-07,0.008447172821356604,0.017815651661995415,0.011288782943886067,0.010016843706068392,0.0059465900474941135,0.005528560606060605,0.005788456209451157
1997-08,0.0669195781786623,0.0060214064540043575,0.003147070398791067,0.06767515627895881,0.005823935136634005,0.005741731117824773,0.005883886272665515
1997-09,0.0023110141303757797,0.0013212861908676607,0.003711175703222646,0.003699575461839395,0.005412670374929775,0.005546499999999999,0.005740591404627196
1997-10,-0.022194958758290986,0.01366298172087529,0.009165485370459723,-0.01907534393078263,0.006177249616844414,0.00567845045045045,0.006402623317424439
1997-11,-0.07637761778671709,0.008250207113588755,0.010100579984245284,-0.07679427506668253,0.005766074375719243,0.0055512544910179635,0.00510216215382912
1997-12,-0.007731584383752901,-0.001467733098697301,0.006906664694533275,-0.008148970654317734,0.005118814349259209,0.00566131343283582,0.00508060696110272
1998-01,-0.02784235215963795,0.0045435201427719216,0.0031027916519284155,-0.023290250345681936,0.005975425307062584,0.00568121130952381,0.00534301362602173
1998-02,0.038739563550579115,0.01728288927074684,0.009495098969104589,0.0405056475445405,0.005424066593427788,0.005687183976261128,0.006053560558796526
1998-03,0.010004285629532629,0.009600237846780966,0.007830782678445935,0.01044682572659314,0.006192398499082243,0.008623627129805503,0.006354762240261929
1998-04,0.05488342232873911,0.022969825043052602,0.016565615260313443,0.050640459203260296,0.0064513700714961784,0.015402285215382568,0.0062505615475551704
1998-05,0.015211149201561386,0.01446415402101811,0.007331720889889658,0.019628290514662965,0.0065388234251374236,0.006829715962184568,0.006620901228553805
1998-06,-0.024915652979891047,-0.010094436380987311,-0.0006786443944204554,-0.029350095869148114,0.0056671745792498795,0.0034665484627697113,0.004657046085470892
1998-07,0.14500223861603811,0.015558381290520982,0.01062154603792054,0.1441796086396496,0.00609732786507915,0.010274350307418799,0.006374715139471124
1998-08,0.027165313700268475,-0.021508041251878888,0.007797939505142676,0.024322487085676355,0.005452813589169247,-0.004887309362729135,0.005508965463279967
1998-09,0.047973497006506854,-0.0015002456544915624,-0.002068069113513844,0.04131103017688625,0.00427522242819459,-0.004206528101919186,0.00389567525516198
1998-10,0.3081131737189087,0.017084928214843365,0.011280142221532908,0.29063572751814376,0.005337673156584042,-0.0014027061431822509,0.00646642643992865
1998-11,0.02392048396983934,-0.009285101081911537,-0.009363593690042693,0.02804069159021294,0.0055667272772945,-0.006526646539511282,0.006965755117364834
1998-12,0.005989811630946924,-0.004025163381446621,-0.0019349492334025933,0.008700245007589051,0.006072733544099054,0.0010226176969210712,0.005849958717410533
1999-01,-0.011126881779721935,-0.0051433159506714884,-0.006092543048710712,-0.01746786838443492,0.005507846029096697,0.01415214342233193,0.006557053996980055
1999-02,-0.0039707101680177895,0.0005895059500642787,0.0027608560354292337,0.011313455002102839,0.006793091563041808,0.005023005654181461,0.0076282533049329155
1999-03,0.10086034102236954,0.017763869487085915,0.01897409391597093,0.09258032810007977,0.006312843497122058,0.02051640816982208,0.005907110107656351
1999-04,-0.031020643526423225,-0.023134926775967606,-0.024618802183501032,-0.018365099626792006,0.005671131504483646,-0.015232675709627636,0.008311028880633516
1999-05,-0.0012622045284779032,-0.0018159285267561566,0.004898123470140144,0.00761262368446549,0.006584620327193954,-0.0035454420081787756,0.007777975443856291
1999-06,-0.0973558069875399,-0.013017221741210602,0.0007563451994967579,-0.09512485332026563,0.005998515203125978,0.0025559824912126756,0.006038309910037835
1999-07,-0.005525298659809878,-0.011559424675958337,-0.003436002767271442,-0.004917937015515463,0.0060894567154955535,-0.0034511364342300044,0.0066449265817551525
1999-08,-0.039262308701839124,0.009612734442947322,0.011750954406058618,-0.037414788169419774,0.005848809111672044,0.007156903695161566,0.00498984865786467
1999-09,-0.0732421544417949,-0.025218752842883704,0.004403123412819382,-0.07111812762373126,0.0056586971097905,0.0003155307325441792,0.006598178903862097
1999-10,-0.03437918762002262,-0.0001946720991964036,0.0015333009027953884,-0.0330850072659747,0.006262759840926784,-0.002476392802580059,0.0071699208964367865
1999-11,0.07207867743858054,0.012876021456651461,0.0080301944610894,0.06361669628452571,0.006535192880134218,0.006214650837988827,0.007591456588936383
1999-12,-0.11957287600923017,-0.0018566834014534265,0.001590877766497979,-0.11559421815906991,0.005950257122021818,0.006245311977715879,0.006939372274956874
2000-01,0.1420963381146041,0.029973658316130622,0.010731439944440509,0.13794533741027817,0.00772559841625286,0.006389572222222222,0.007213269290884573
2000-02,-0.07480496691547671,-0.030463168173489777,0.005324287124545086,-0.07381629850545093,0.006162865589000065,0.0062230360110803315,0.0036408904488794544
2000-03,-0.10294903131712743,-0.08311728730226496,0.006174117299090826,-0.10337702616838718,0.004628808885890577,0.006145740331491713,0.0035079682411779584
2000-04,-0.09270450823824254,0.006703818386753169,0.006671939064686141,-0.0869085746660059,0.005287909682749838,0.006387179063360881,0.00643599141760305
2000-05,0.00623817416781626,0.003436655111007918,0.0034703412741543794,0.007155988336140598,0.004626703786673843,0.006270228021978023,0.004631709182294643
2000-06,0.07631230968892667,0.00833464048504626,0.0032298842510313556,0.0774997368166343,0.005200156851635379,0.006178243835616439,0.006002733963644097
2000-07,-0.02490305954024473,0.005133381049945806,0.005312216960435998,-0.021669143009320088,0.007625249321849036,0.006222071038251366,0.007028341742671152
2000-08,-0.02515984159665867,-0.0044847520669516906,0.007573854401069426,-0.029848214605394822,0.005484680289001871,0.006157174386920981,0.004740883790540627
2000-09,0.07791323315246572,0.0038977844731463746,0.0023387923163063033,0.0771865352546283,0.00687214660177768,0.006296948369565217,0.006475695228424154
2000-10,0.19152806495174401,0.004405308895646661,0.004456393958546953,0.18767560566463268,0.006127001422864735,0.0061249024390243895,0.0050309990655391865
2000-11,0.038691353120508615,-0.018813634490566215,0.00704107252242106,0.03135158341507782,0.005235653800619972,0.006082078378378378,0.004556840665333736
2000-12,0.06072340119723249,0.002075996841788022,0.005454386275338962,0.059650761523903535,0.004079754124268321,0.005840973045822102,0.0006056944033147318
2001-01,0.02516856211286833,0.0014350129326731742,0.0019143675434093186,0.027576027439654066,0.005526431594301179,0.005827206989247312,0.002304246894147902
2001-02,-0.0287306768385093,0.031373831022650074,0.016879611516562282,-0.029707370949704152,0.007259561992164249,0.005883895442359249,0.010993760362366928
2001-03,-0.11247565836897891,0.0036614725054199557,0.005474071157389443,-0.11430658065884741,0.005704206356968457,0.005614815508021391,0.007076424459164098
2001-04,-0.07900791573888895,-0.023637658091586786,0.005808375978411349,-0.0735973138916854,0.004387243782090596,0.00541876,0.0015827098921207521
2001-05,-0.021012584790713856,0.018299393723576203,0.0076802982865473495,-0.02176423612184261,0.005688420891178531,0.005600954787234043,0.006286817908705436
2001-06,0.15107310513703934,0.016852028776111715,0.006195155957736849,0.14544922639625066,0.005904197434913385,0.005595803713527852,0.005314583247804541
2001-07,0.030357639045093088,0.013643177202718335,0.006368339767643149,0.028322497172646885,0.005590202324834827,0.00550876455026455,0.005268679181519274
2001-08,0.03795351474758085,-0.004614315816762024,0.007869991561586253,0.03496646782850983,0.004594643375634446,0.0054617308707124,0.00469472908200366
2001-09,0.059175792220236015,0.007834143393436167,0.005272265789473683,0.057688917109800286,0.0048821836359119915,0.005272265789473683,0.003035696720853895
2001-10,-0.010432644929967563,0.017101905315294923,0.0050401574803149605,-0.0038163352520053516,0.004403000282539884,0.0050401574803149605,0.0018178379234994077
2001-11,0.08921247720819175,0.0054973392381863235,0.005072356020942408,0.0872210090932906,0.005747571586979788,0.005072356020942408,0.008583334770099042
2001-12,-0.04073888709275006,0.006090821986701074,0.005260383812010443,-0.04007203254122828,0.005773681321720705,0.005260383812010443,0.009136070266449619
2002-01,0.012889615668610459,0.02080219200187772,0.005266348958333333,0.013147329621155175,0.0054409974519184145,0.005266348958333333,0.004319634441483222
2002-02,-0.03187068471239101,-0.00624064945098688,0.005211828571428571,-0.031088382672607346,0.004329028604418075,0.005211828571428571,0.0015776813777859796
2002-03,-0.014582414288826605,-0.009271949803320974,0.0051444896373057,-0.014284316260856491,0.003783176611105745,0.0051444896373057,0.0005170697190992474
2002-04,-0.029084305408218176,-0.005035294394856435,0.005224922480620155,-0.02910129329454193,0.005358804928788524,0.005224922480620155,0.006673563119167873
2002-05,-0.1059879940318185,0.00792671351116116,0.005050371134020618,-0.10301415174006712,0.004203381846103244,0.005050371134020618,-5.134354214987591e-05
2002-06,-0.02655719158244619,-0.01103152908587863,0.005013737789203085,-0.02518847749149659,0.004453614566356019,0.005013737789203085,0.0033811587867854185
2002-07,0.010946196656541889,-0.020352045845734322,0.0048146025641025636,0.010887315308179935,0.004293150485629604,0.0048146025641025636,0.0011593093279937284
2002-08,0.08047902573434565,0.028857475787243375,0.004609227621483376,0.07967396866817567,0.004608876261423672,0.004609227621483376,0.0037494248372559936
2002-09,0.030657026078860665,0.02227666959620053,0.004611910714285713,0.030600546328564883,0.004658238705011387,0.004611910714285713,0.005521726329497253
2002-10,0.030322251506885646,0.004319348600508905,0.004319348600508905,0.030853474106996456,0.004420905547143524,0.004319348600508905,0.0033647581374319463
2002-11,0.057062852701518244,0.004529703045685279,0.004529703045685279,0.05548565321316006,0.004640041947260775,0.004529703045685279,0.007186896737623599
2002-12,-0.2281265126904658,0.0046646126582278475,0.0046646126582278475,-0.22724262290136224,0.005262899321647535,0.0046646126582278475,0.00789466919117521
2003-01,0.0299093339747738,0.009431350354043718,0.0045014848484848475,0.029507189692143013,0.00420775605313639,0.0045014848484848475,0.002400306062020255
2003-02,0.11461328371968128,0.02147206749388618,0.004420677581863979,0.11315976178938118,0.004810941064398841,0.004420677581863979,0.005730899946230716
2003-03,0.07162323645241374,0.004369002512562814,0.004369002512562814,0.06895902376895416,0.004644988667963752,0.004369002512562814,0.00580336322248032
2003-04,0.022712113767745144,0.004381380952380952,0.004381380952380952,0.02168569175772594,0.004734809497128452,0.004381380952380952,0.006204127308322679
2003-05,-0.08207052512072033,0.004574862499999999,0.004574862499999999,-0.08094849464513997,0.004601378972798119,0.004574862499999999,0.00541210965765101
2003-06,0.06367494559990083,0.004694004987531171,0.004694004987531171,0.06166912030735171,0.005344453395413184,0.004694004987531171,0.005610852526630879
2003-07,-0.017072799804087675,0.0047117213930348255,0.0047117213930348255,-0.018872895077700444,0.004765665582220423,0.0047117213930348255,0.00514782829707642
2003-08,-0.05959033773644664,0.004742789081885856,0.004742789081885856,-0.059764133357923285,0.0051361413710425,0.004742789081885856,0.005523132742134146
2003-09,-0.0015067335566294054,0.004777824257425742,0.004777824257425742,-0.00047671801256539805,0.004944117444928632,0.004777824257425742,0.004552045312806369
2003-10,0.030229883308345636,0.004737540740740741,0.004737540740740741,0.031108172511236824,0.004821505334827066,0.004737540740740741,0.003935555557214451
2003-11,-0.046768989879355266,0.0048609950738916245,0.0048609950738916245,-0.04668834587497488,0.004883900043798271,0.0048609950738916245,0.003857544915006753
2003-12,-0.010006335176583933,0.00487008108108108,0.00487008108108108,-0.009970947058131742,0.004900391600493037,0.00487008108108108,0.004148537898186217
2004-01,-0.03529080758315807,-0.017142761515955902,0.004983095588235294,-0.03559819894302173,0.0046188925511452235,0.004983095588235294,0.006807341509658174
2004-02,-0.013690203878541224,0.00501584596577017,0.00501584596577017,-0.011333612363443922,0.0053490546352218315,0.00501584596577017,0.004043646829945256
2004-03,0.02313263236072391,0.005037278048780487,0.005037278048780487,0.02332449040174947,0.005052745533779668,0.005037278048780487,0.006752322244535765
2004-04,-0.007660012640395918,0.004986379562043795,0.004986379562043795,-0.007558052818292553,0.004954798411963057,0.004986379562043795,0.0060123878461665154
2004-05,0.03340977323264954,0.004934509708737864,0.004934509708737864,0.03515671719005664,0.004692544937031002,0.004934509708737864,0.0082980915362409
2004-06,-0.019660092020501976,0.004954108958837772,0.004954108958837772,-0.020921772301010666,0.005069737018674078,0.004954108958837772,0.005923390320351054
2004-07,-0.02140320087131751,0.004987282608695651,0.004987282608695651,-0.02062159695776561,0.0048797543091948555,0.004987282608695651,0.005585297298778286
2004-08,-0.018274685369349994,0.004893448192771084,0.004893448192771084,-0.018898982745844603,0.0042317603699892495,0.004893448192771084,0.0041597112700503015
2004-09,0.007668520532587264,0.004888192307692308,0.004888192307692308,0.006851287010803193,0.004862253599112448,0.004888192307692308,0.005786026870771048
2004-10,-0.031094950724759526,0.004899772182254196,0.004899772182254196,-0.029362144446019867,0.005417724912416607,0.004899772182254196,0.006939190801857705
2004-11,-0.0010144912024024275,-0.0032162578741897225,0.00492123923444976,-0.00252775158364488,0.004855620697850655,0.00492123923444976,0.005143236918770851
2004-12,-0.025115380058479755,0.005002713603818615,0.005002713603818615,-0.025161681213215596,0.005269700000613554,0.005002713603818615,0.0060258265208040585
2005-01,-0.0044737019769710284,0.005067311904761904,0.005067311904761904,-0.004550604616952784,0.005221335320689835,0.005067311904761904,0.006972178564517835
2005-02,0.020210681900461644,0.0049948859857482176,0.0049948859857482176,0.01999130444816981,0.004515565053194978,0.0049948859857482176,0.004039776488093833
2005-03,0.045474367151477284,0.0050293815165876775,0.0050293815165876775,0.04553866923228742,0.004919402034924237,0.0050293815165876775,0.004121142449702961
2005-04,-0.006595782177388702,0.004971770685579196,0.004971770685579196,-0.006349642689853057,0.004732950824713138,0.004971770685579196,0.005658168251686416
2005-05,-0.02600701216204071,0.004910455188679245,0.004910455188679245,-0.02659746944546491,0.004613517116145567,0.004910455188679245,0.006734647753190708
2005-06,-0.014011042585402622,0.00496853411764706,0.00496853411764706,-0.015087523582223353,0.005298824820855987,0.00496853411764706,0.006920124312843473
2005-07,-0.025236097588148605,0.004955502347417841,0.004955502347417841,-0.025481312044934302,0.004936488220702653,0.004955502347417841,0.0052333099499828435
2005-08,-0.05401387054600147,0.005025779859484778,0.005025779859484778,-0.05315774179036334,0.00530811115430614,0.005025779859484778,0.006058076376686108
2005-09,-0.004153959443304676,0.004985628504672898,0.004985628504672898,-0.0023228249858803446,0.00515754785372517,0.004985628504672898,0.00463122270479377
2005-10,-0.015899350960419036,0.004986051282051282,0.004986051282051282,-0.014177689339075969,0.005250026364988516,0.004986051282051282,0.004100750446239739
2005-11,0.056098120485721326,0.004931730232558141,0.004931730232558141,0.0547450826506716,0.005019416720730319,0.004931730232558141,0.006419135872712311
2005-12,-0.04797180422916571,-0.014311840489770765,0.00500193271461717,-0.04894925968387222,0.005110806029789551,0.00500193271461717,0.00611845199038449
2006-01,-0.008925848327814423,0.004982807870370371,0.004982807870370371,-0.008699304710156001,0.004961153197573743,0.004982807870370371,0.00560017084879267
2006-02,-0.05238303991646531,0.005024284064665127,0.005024284064665127,-0.051104510170219275,0.0053043526888986205,0.005024284064665127,0.0035367662710913956
2006-03,-0.016611528491205875,0.005010460829493088,0.005010460829493088,-0.018359353924699957,0.004921341342629834,0.005010460829493088,0.005835479539955292
2006-04,-0.01507932815858317,0.005020112643678161,0.005020112643678161,-0.01371367057065835,0.0052683602512228495,0.005020112643678161,0.005904558751282197
2006-05,0.04119793597955218,0.005028011467889909,0.005028011467889909,0.04193934049291488,0.005054560672545187,0.005028011467889909,0.00467305352829732
2006-06,0.01787452366423215,0.004941862700228833,0.004941862700228833,0.017701174795111872,0.004443771172286536,0.004941862700228833,0.005154494501171832
2006-07,-0.023871475377963382,0.004925070776255709,0.004925070776255709,-0.02393041801503567,0.004763257117909642,0.004925070776255709,0.005665554552882133
2006-08,-0.009217425536278759,0.004917430523917996,0.004917430523917996,-0.009888160710063328,0.004417211750454396,0.004917430523917996,0.003589967706693529
2006-09,0.012438770658764803,0.004951595454545456,0.004951595454545456,0.010506043954346744,0.004923234475892089,0.004951595454545456,0.006499140393117616
2006-10,-0.014836617908747109,0.004991131519274376,0.004991131519274376,-0.016733700486144677,0.004883047180075321,0.004991131519274376,0.005909207178717738
2006-11,0.02466140205461581,0.019516197810135028,0.005044153846153847,0.0230343733466799,0.005363505522713496,0.005044153846153847,0.006490952156431926
2006-12,0.004850341047608783,0.0008307664851433961,0.0050638634756771175,0.005783519463058686,0.005255838915161196,0.005064787810383747,0.007198059178342288
2007-01,-0.013537750774296633,0.009841452308709996,0.005077492088634085,-0.013120669871974923,0.004897602286463706,0.00507538063063063,0.003990104945049068
2007-02,0.011761889855194805,0.0035675815387583203,0.0027043044121927247,0.012105532560756856,0.00534628959083414,0.005088498876404495,0.006381871999564587
2007-03,0.02864943621304678,0.004540590850617679,0.0044841161450707755,0.029454984814294465,0.005170574036869266,0.005025322869955157,0.006853730322501127
2007-04,-0.005434486222515647,-0.0016758255536248948,-0.0013108689671034977,-0.005643108023474439,0.004889485302386237,0.005028832214765101,0.0050193302173244456
2007-05,0.028747196602726052,0.007853282275032507,0.005105979910714286,0.0280882476229807,0.004990401554874571,0.005105979910714286,0.005048398560894892
2007-06,-0.01985117732685415,0.006012908978178156,0.00516222271714922,-0.01915645990255036,0.005092112245650177,0.00516222271714922,0.006824679551984684
2007-07,-0.00016472412799749953,0.0003073180026929622,0.005104928888888889,0.0010610899216881558,0.005063307910830359,0.005104928888888889,0.005701944231108066
2007-08,0.006003202721002262,0.016099192451017347,0.005015567627494456,0.006875417178299705,0.005291303811469067,0.005015567627494456,0.006008301613035733
2007-09,-0.015018712102667281,0.0025532036701006117,0.005028573008849558,-0.015640150634754615,0.005086744269052145,0.005028573008849558,0.006651013154865646
2007-10,-0.010297646236443851,-0.0031475779240087067,0.002563024946760668,-0.010834180520763721,0.005459316381753875,0.005093119205298014,0.006641223419130889
2007-11,0.05220063511637761,0.00859182698527457,0.003986907335485742,0.0505102157483578,0.005583494755193531,0.005113090308370045,0.00581152824083018
2007-12,-0.01852928523333813,0.012946688868267876,0.004783706286933768,-0.01375196249123998,0.004791286276581913,0.005003430769230769,0.00466623127922149
2008-01,0.03326859951981049,0.010630236904505326,0.005167611301001096,0.03301801549000375,0.005140427041607007,0.004973125,0.00487700807266548
2008-02,0.04023298909605375,0.004823805251641138,0.006086181796232241,0.04119586079434962,0.004576557792520928,0.004823805251641138,0.007088272942206372
2008-03,0.042526576803035745,0.012698301104529387,0.004767658736182656,0.047249601754768195,0.0048592249839351925,0.004741834061135371,0.0037341924702494218
2008-04,0.04277473346042035,-0.002196060166842361,0.003991979709820832,0.03980514400309177,0.004723742048161255,0.004720392156862745,0.005300913660210173
2008-05,-0.02694136752559516,-0.010960724867611588,0.005015219953797079,-0.026941380407163276,0.004809741763471095,0.004811932608695653,0.005859253022115648
2008-06,0.034771016596210624,0.004825759219088937,0.00559889491826934,0.03477099651491752,0.005266842512810113,0.004825759219088937,0.00398035163202743
2008-07,0.01002193484702963,0.009914592080357987,0.004397109188687962,0.010021902856393847,0.0047974353201452056,0.004632322510822511,0.0026468025877378356
2008-08,-0.015168781218829322,-0.0012339901591353715,0.0020190063669831893,-0.015168750033300902,0.004500096877095262,0.004603298056155507,0.0050647571775652616
2008-09,-0.019140889412357254,-0.0055769760571650435,0.003499372540153582,-0.019140915834548165,0.004332685181794343,0.004622806034482758,0.004607701123174198
2008-10,-0.021967722694700348,0.034990952861288366,0.005467202449634569,-0.021967648848319612,0.003960337122841709,0.00442583870967742,0.0009428011732877228
2008-11,-0.06382030109124541,-0.0014807246090386868,0.002425674112237062,-0.06382037127098131,0.0030160692829684557,0.004056298283261803,-0.0010596784626652539
2008-12,0.050274976204061655,-0.0031601822624012666,-0.0027949290110120583,0.05027500073136223,0.0030880676760641065,0.0038895567451820126,-0.00010265505575798601
2009-01,-0.05103431446675529,0.00461912450542208,0.004711392962921179,-0.05103426613562131,0.003950648318666597,0.003906876068376069,0.004988304199912795
2009-02,0.1408591825515556,0.003722394456289979,0.00565615170696399,0.14085926668714588,0.004771726535169385,0.003722394456289979,0.005902992689590832
2009-03,-0.020465174996424695,0.0034938617021276594,0.0034938617021276594,-0.020465197436580998,0.003454386661106922,0.0034938617021276594,0.004171195749448673
2009-04,0.05439648020473356,0.014679217037250602,0.0036720785562632694,0.05439645090072864,0.0048344867933695695,0.0036720785562632694,0.009744716459381724
2009-05,0.08225985659350638,0.0036691082961373576,0.003863726694915254,0.08225977204677098,0.005532991618457254,0.003863726694915254,0.0105494589140535
2009-06,0.006065271387519049,0.009633033097810852,0.005441864239075578,0.006065311452549322,0.005301211887333232,0.003971076109936575,0.011226393811581817
2009-07,-0.0579439833262583,-0.012394502351712203,0.0020277153261074156,-0.05794403977059462,0.0034999013688019587,0.003967710970464135,0.001895223108855041
2009-08,0.023510156518208487,0.008662720686020992,0.004115951578947368,0.02351016236315942,0.004711284965322419,0.004115951578947368,0.0037014416147305267
2009-09,0.09026442426807871,0.014413285424692151,0.004180100840336134,0.09026447285556712,0.0050012937202858175,0.004180100840336134,0.005775598181580755
2009-10,0.03770743329215157,0.004247719077568135,0.00553849302726531,0.03770737679114694,0.004863960213443373,0.004247719077568135,0.006322218446081622
2009-11,-0.06383108483777095,0.004200633891213388,0.0030716152771875812,-0.06383108669421314,0.002873286583118074,0.004200633891213388,0.0021090097294976
2009-12,-0.00834428762652813,0.004317661795407097,0.004317661795407097,-0.008344287161363359,0.0044338592557334865,0.004317661795407097,0.006051566747796261
2010-01,-0.06248234425024214,0.00434800625,0.00434800625,-0.06248232559040185,0.004679891017184729,0.00434800625,0.004752096446026649
2010-02,-0.007507909686503486,0.004264640332640333,0.004264640332640333,-0.007507890183810683,0.004330309010310209,0.004264640332640333,0.006547238781347383
2010-03,-0.013268304012282697,0.00431891286307054,0.00431891286307054,-0.01326829810468901,0.004626807354833826,0.00431891286307054,0.005166383832041319
2010-04,0.051171811201824846,0.004436086956521739,0.004436086956521739,0.05117180576767531,0.005054805627107229,0.004436086956521739,0.004728481558784322
2010-05,0.014030199658144754,0.00445972520661157,0.00445972520661157,0.014030200098865634,0.00483574701007379,0.00445972520661157,0.006059832110375307
2010-06,-0.030434287397534773,0.0042851463917525775,0.0042851463917525775,-0.03043427527416801,0.004040318212914444,0.0042851463917525775,0.004565791143955845
2010-07,0.060017178712825914,0.004165989711934157,0.004165989711934157,0.060017107668410036,0.0038272597607270733,0.004165989711934157,0.004715563382897993
2010-08,-0.024852757829736893,0.003560504850295135,0.004301893223819302,-0.02485272857797822,0.0045185019499425026,0.004301893223819302,0.005040158717506083
2010-09,0.011726707482089465,-0.006856047021952682,0.004199770491803279,0.011726733207570714,0.0042339548499385265,0.004199770491803279,0.008082885542412951
2010-10,-0.0008754219131427154,0.00437580981595092,0.00437580981595092,-0.000875434637159847,0.004874702440920302,0.00437580981595092,0.005404601635915286
2010-11,-0.0285447464041598,0.004445708163265307,0.004445708163265307,-0.028544757682060082,0.0044974305580761835,0.004445708163265307,0.004589422578774274
2010-12,-0.06194328830317548,0.004436346232179226,0.004436346232179226,-0.06194323078812324,0.004544720746551334,0.004436346232179226,0.006853275975945332
2011-01,0.012262334584445256,0.004563416666666666,0.004563416666666666,0.01226233366952395,0.005073743159935421,0.004563416666666666,0.0053342060069726666
2011-02,0.00883815796610829,0.00460131845841785,0.00460131845841785,0.008838175361869252,0.004555615552238339,0.00460131845841785,0.005261163132957571
2011-03,0.03458077286870649,0.004657607287449393,0.004657607287449393,0.034580803165889754,0.004845320204013754,0.004657607287449393,0.005173551530643432
2011-04,0.028770448244584253,0.0046492585858585855,0.0046492585858585855,0.02877045139272073,0.004820442524196671,0.0046492585858585855,0.00662108076545138
2011-05,0.03232608730521118,0.004699241935483871,0.004699241935483871,0.03232605917240926,0.004551214864927656,0.004699241935483871,0.005417263325573651
2011-06,0.020552860342687197,0.004667024144869215,0.004667024144869215,0.02055281741814612,0.004577264635538512,0.004667024144869215,0.006104073577890836
2011-07,0.010277089579710116,0.004624429718875501,0.004624429718875501,0.010277091530484951,0.004346276171002615,0.004624429718875501,0.0038521934137823186
2011-08,-0.015472520025293791,0.004575426853707414,0.004575426853707414,-0.01547252075970768,0.004923839348327545,0.004575426853707414,0.008842645523182549
2011-09,0.04999518970373626,0.004457429999999999,0.004457429999999999,0.04999517997168501,0.0037845043476944884,0.004457429999999999,0.0048690274551094846
2011-10,0.012767308365527585,0.0043083373253493,0.0043083373253493,0.01276727760577794,0.0030803757695533466,0.0043083373253493,0.0027964285055560034
2011-11,0.010003763448781566,0.0045169143426294816,0.0045169143426294816,0.010003731038824636,0.005140100011431374,0.0045169143426294816,0.005487081979802009
2011-12,0.023607513517308706,0.004502512922465208,0.004502512922465208,0.023607532742770408,0.004097771388846105,0.004502512922465208,0.004904370100700966
2012-01,-0.024593946768686786,0.004512283730158729,0.004512283730158729,-0.024593984962371872,0.0038756767195393866,0.004512283730158729,0.0030776139148839896
2012-02,-0.00466785584687995,0.004592863366336633,0.004592863366336633,-0.004667908643937423,0.00573209559332884,0.004592863366336633,0.01065070551425706
2012-03,-0.052289411328338115,0.004669440711462451,0.004669440711462451,-0.05228941972233115,0.004922942092931724,0.004669440711462451,0.006501834140388834
2012-04,0.0581225869357216,0.004725055226824457,0.004725055226824457,0.05812255493135995,0.004803521682119426,0.004725055226824457,0.005727423649460822
2012-05,0.007772612267119502,0.004703875984251968,0.004703875984251968,0.007772600942932044,0.004314683976550186,0.004703875984251968,0.004363343725439102
2012-06,0.04847582296049616,0.004576972495088408,0.004576972495088408,0.048475819428207785,0.003865917813268887,0.004576972495088408,0.004038751004769898
2012-07,0.0038068193288877308,0.004649301960784314,0.004649301960784314,0.003806829171172404,0.004789773441599842,0.004649301960784314,0.006073188116117516
2012-08,0.015232969673383303,0.004668311154598825,0.004668311154598825,0.015232967395405092,0.0043903695697972865,0.004668311154598825,0.0036360846657003567
2012-09,-0.01901778134106577,0.004703419921875,0.004703419921875,-0.019017790960683463,0.004966628521279383,0.004703419921875,0.005386308874723736
2012-10,-0.010292275834633411,0.004743023391812866,0.004743023391812866,-0.010292255052392259,0.004873836104299063,0.004743023391812866,0.005863509571039324
2012-11,-0.01126095678286318,0.004698898832684826,0.004698898832684826,-0.011260940268050856,0.0043421933164201005,0.004698898832684826,0.0014976447804201055
2012-12,0.00896913016805459,0.004699922330097088,0.004699922330097088,0.008969151597793256,0.00494671994885271,0.004699922330097088,0.005225524957746995
2013-01,-0.017769822041144565,0.004707108527131784,0.004707108527131784,-0.017769828567905002,0.00480630606081761,0.004707108527131784,0.004106700441550428
2013-02,0.08810973890479812,0.004799282398452611,0.004799282398452611,0.08810975181597545,0.005082060072571636,0.004799282398452611,0.005674695529344721
2013-03,0.020625258366881935,0.004815138996138997,0.004815138996138997,0.02062527150994967,0.004863075681650372,0.004815138996138997,0.006603572403907104
2013-04,-0.02773800595911157,0.004878277456647399,0.004878277456647399,-0.027738009463324217,0.004907921509148289,0.004878277456647399,0.007083148861186088
2013-05,0.0334951427658663,0.004906628846153846,0.004906628846153846,0.03349514883672956,0.004965652986379253,0.004906628846153846,0.005517441533103273
2013-06,-0.001809105907239858,0.004941587332053743,0.004941587332053743,-0.0018090853387039002,0.005425935419967648,0.004941587332053743,0.005547870539896024
2013-07,0.0006951701610424035,0.004906065134099617,0.004906065134099617,0.000695187151230181,0.0049695733017668066,0.004906065134099617,0.00589912318982372
2013-08,-0.041501740736872295,0.004993571701720842,0.004993571701720842,-0.04150171552300201,0.005353695032651649,0.004993571701720842,0.0067760853360840706
2013-09,-0.0055624031285586364,0.0049283034351145045,0.0049283034351145045,-0.0055624160296849495,0.005295398288162583,0.0049283034351145045,0.008371245220779238
2013-10,0.029102566272830425,0.0030195074687533324,0.004979220952380953,0.029102518190375626,0.005333987900220963,0.004979220952380953,0.00650402368071121
2013-11,0.0076586995191940815,0.005057716730038023,0.005057716730038023,0.007658672579902289,0.0047291463664104185,0.005057716730038023,0.005593850320898985
2013-12,0.04167997209584287,0.0025857650796288667,0.005106595825426945,0.04167997182789525,0.005337990455763356,0.005106595825426945,0.0058830506461235365
2014-01,-0.010704730671224287,0.005146071969696971,0.005146071969696971,-0.010704758550273632,0.005440316078698891,0.005146071969696971,0.006676077177667897
2014-02,0.03966607210487272,0.005070812854442343,0.005070812854442343,0.03966609732930358,0.005921980014065286,0.005070812854442343,0.009254431480062136
2014-03,-0.014741818147507878,0.005147579245283019,0.005340777326021153,-0.014741782167981953,0.005419513978628706,0.005147579245283019,0.0074248842162147576
2014-04,0.030760314080817298,0.005153056497175142,0.004760960965825687,0.030760268378246088,0.004515494873715543,0.005153056497175142,0.0007350488820890948
2014-05,-0.004274467467093257,0.005155691729323309,0.005155691729323309,-0.0057172353702085715,0.004509279420467845,0.005155691729323309,0.005287641468451773
2014-06,0.04306210774116023,0.005189750469043153,0.005189750469043153,0.043062085224037386,0.005358628316140553,0.005189750469043153,0.0074619351912
2014-07,0.016817128507395154,0.005218674157303371,0.005218674157303371,0.016817134417839143,0.005920574363894713,0.005218674157303371,0.00828336684547693
2014-08,-0.006765876564475401,0.0051827999999999996,0.0051827999999999996,-0.006069528442485475,0.004952541280241685,0.0051827999999999996,0.005081403680117439
2014-09,0.022911826443959792,0.0052473414179104476,0.0052473414179104476,0.02512375737260188,0.005507254686120047,0.0052473414179104476,0.0077883802419852115
2014-10,0.007891068533961553,0.005211633147113594,0.005211633147113594,0.0077879019474211015,0.004985140857653012,0.005211633147113594,0.005455048406770617
2014-11,0.009091278233783483,0.005246503717472119,0.005246503717472119,0.016017507541762073,0.005236532893056748,0.005246503717472119,0.007997304800952043
2014-12,0.02655284273070792,0.005288033395176252,0.005288033395176252,0.019828555611548143,0.005039618016070011,0.005288033395176252,0.0047938182861825196
2015-01,0.044238934696853416,0.0052736611111111106,0.0052736611111111106,0.04282063927963092,0.005316696357560814,0.0052736611111111106,0.005098682029394903
2015-02,0.03755988325909736,0.0052095138632162665,0.0052095138632162665,0.03528582610765702,0.005593820413955313,0.0052095138632162665,0.009998277064560974
2015-03,0.013005986131035166,0.005305023985239852,0.005305023985239852,0.01308697426098563,0.0057815848759247565,0.005305023985239852,0.007744348437728047
2015-04,-0.01392003671266039,0.005267642725598527,0.005267642725598527,-0.016249054482019496,0.00549826053820966,0.005267642725598527,0.007300717745782609
2015-05,0.006147623334854303,0.005274689338235293,0.005274689338235293,0.005212695120342399,0.0055236342836592475,0.005274689338235293,0.008564935325215468
2015-06,0.05322846280142149,0.005287987155963302,0.005287987155963302,0.04713535302359971,0.005628714653368714,0.005287987155963302,0.006326106683533575
2015-07,-0.016626450365549085,0.005242875457875457,0.005242875457875457,-0.017629523416333615,0.005355348385597202,0.005242875457875457,0.005277014806839621
2015-08,-0.02568772327641239,0.005272224862888482,0.005272224862888482,-0.02470716074604813,0.005023398088320195,0.005272224862888482,0.003419222612193974
2015-09,0.005082818316871518,0.005152981751824817,0.005152981751824817,0.00816697600148759,0.0050363612284469415,0.005152981751824817,0.0072239975816782605
2015-10,-0.03844414461082446,0.005098883424408014,0.005098883424408014,-0.03504911475752822,0.004215992495464742,0.005098883424408014,0.0007549192196999377
2015-11,0.03178910273638221,0.0019539109340022875,0.005241338181818181,0.029706545572698098,0.005195413444870692,0.005241338181818181,0.006982440662923772
2015-12,0.030833193323429278,0.0029744454190487376,0.005237947368421052,0.030035465581668537,0.005607599329162936,0.005237947368421052,0.006616373140009808
2016-01,-0.010525791073715894,0.0018117550873983498,0.005200655797101449,-0.008368481831525828,0.0050576436393356475,0.005200655797101449,0.005924876153688508
2016-02,-0.0040350996434251885,0.0022449543438812576,0.005102282097649186,-0.001617259860889824,0.003842595468779525,0.005102282097649186,0.0003047582952633446
2016-03,0.023406727871990357,0.015996135623416053,0.00508956678700361,0.024549227235745548,0.005014878578226084,0.00508956678700361,0.005907279785837416
2016-04,0.026621524545265743,0.01456880023969584,0.007375124320631909,0.023413634377786124,0.005523536995155581,0.005201369369369369,0.005367796953359644
2016-05,0.002122396892670575,0.013359236258420074,0.010344832521870316,0.0002656747628529549,0.005677412390444945,0.005198573741007194,0.007436166751816632
2016-06,0.005443801948278523,0.006507477834064831,0.004125931429516751,0.006719169427115153,0.0054013053833378,0.005222251346499102,0.007916998510354193
2016-07,-0.00412412615398465,0.011683442893213457,0.012936096761246536,-0.0036422898514521743,0.004913283652508118,0.005217327956989247,0.005963286357455947
2016-08,-0.019966087938122115,0.005022417147059249,0.007711772713670473,-0.021257292937445337,0.005657135120286819,0.005273059033989266,0.005181049933982545
2016-09,-0.0034803493295193742,0.010893616492118466,0.005284933066865131,-0.0018513194291563673,0.005567870058265536,0.0052655125,0.00669675620672746
2016-10,-0.0024335133280655374,-0.002245453669379044,0.005256565062388591,-0.0012605893142751175,0.005651791494280907,0.005256565062388591,0.008146257553793711
2016-11,0.00902313190697646,0.002265315291277565,0.0008337861802246507,0.008683627875803507,0.004636851925863863,0.005214927046263345,0.0021006128423773553
2016-12,-0.03006101565208872,0.006370956243831366,0.005610719103698556,-0.02339793369641037,0.005380990021672386,0.005269095914742451,0.002986696066262254
2017-01,0.021113484760951106,0.001732072867296883,0.002537326037439662,0.02036654345229424,0.005052106816824541,0.005293271276595744,0.004777693603670606
2017-02,-0.01983635016615632,-0.00031385320580623946,0.004252160751628814,-0.017668088103032928,0.005712185946564471,0.005317502654867256,0.008776571107957478
2017-03,0.024650812235899964,0.01134740205563567,0.004377346333912808,0.02451849864269625,0.005470980745769082,0.005377116607773851,0.006266098828321058
2017-04,0.022897004657475753,0.006965487732743144,0.00615853304087328,0.018083707129813983,0.005463842173749399,0.005370040564373897,0.007570067042789291
2017-05,0.006935531317977252,0.009738572131718894,0.0053473063505176475,0.003341550422226759,0.0053845989865497134,0.005378352112676056,0.00865740768696088
2017-06,0.007100729380675925,0.013438118792632688,0.007717769727765483,0.006768728718669898,0.0052431995795873725,0.0053934200351493855,0.0068038727431709
2017-07,0.016060185412191706,0.01822617657449987,0.009265587111852566,0.014788805900185564,0.0057840690550016735,0.005393077192982457,0.006927106574565614
2017-08,0.02226963174435761,0.0018545476900857435,0.003986207469213249,0.020647987650856882,0.005420351731802071,0.005418651488616462,0.005636417679370833
2017-09,0.019142963967661637,0.0070665852638800136,0.00509338460469999,0.01877440154928433,0.005458778448914286,0.005411517482517482,0.004588980548715701
2017-10,0.017470208675539854,0.0032179027361646387,0.007166725623903988,0.01787872000191499,0.005559225174274901,0.005435493891797556,0.006464170295449703
2017-11,-0.01399667189043743,0.0029667346945557995,0.0051928640579128205,-0.012642219017210344,0.0052950351972587545,0.005466498257839721,0.004683237449594613
2017-12,0.010163911242150454,0.010209556764764885,0.007763406284527053,0.01132034337117875,0.005576827317839251,0.0055101895652173915,0.007148313208745365
2018-01,0.0018844319407506135,-0.0008068629209114827,0.005326419304780842,-0.000473029950423063,0.005596315924058008,0.005518416666666667,0.006669353637876733
2018-02,0.007909453027392386,0.009264222211151236,0.008962460602455076,0.010134152715011672,0.005701464995238448,0.005607570190641248,0.004920538632296393
2018-03,0.009701913453245316,0.01554354764735727,0.006065851780436105,0.010880704006276451,0.0056046445547333614,0.005530807958477508,0.005908859749050563
2018-04,0.05885087130615332,0.014026467930642017,0.005475212435233161,0.05559788926481056,0.005727322537944656,0.00940049215611672,0.008037676757527933
2018-05,-0.008947345647465712,0.0047079085827911905,0.005635117542967472,-0.010540853079931072,0.005509592598418014,0.005469858620689655,0.005672194977487791
2018-06,0.014127600619087407,0.012095407905878073,0.011244636623526542,0.01639689795821768,0.005974043526518739,0.005498998278829604,0.008824774990727077
2018-07,-0.05627101180834658,0.005487410506835873,0.005501157852468229,-0.055074511098813964,0.005601538818399355,0.005498896907216495,0.008972549601636536
2018-08,0.0324626562139477,0.022429109873207377,0.00955354650003147,0.03293873194988697,0.005481386413270723,0.005550432246998285,0.006556755190126545
2018-09,0.06699956458518647,0.020338090169369966,0.006497430215930765,0.06704975891003936,0.0062578478531043315,0.005594589041095891,0.01111161874675414
2018-10,0.010901707331284887,0.006860538350211267,0.0068854755050188985,0.010244629558683308,0.00545727389373879,0.005591244444444444,0.005534016328932797
2018-11,0.01458901465126703,0.008892203627571914,0.005212371181693532,0.015251507376868256,0.004744334545292623,0.005461721843003414,0.002941723842832715
2018-12,-0.020671382863080286,-0.003572734136732581,0.00033001227535988005,-0.02152498213047868,0.00523088983769624,0.005483,0.00471747961644953
2019-01,0.028572532727102425,0.015318194634122472,0.003925483740768098,0.029130647701392096,0.00505983452004589,0.005316284013605443,0.005893849853899482
2019-02,-0.07859090945102416,-0.010157640479507107,0.006179334417926608,-0.0778459692954092,0.0062673780434885735,0.005441908319185059,0.011257158342655251
2019-03,0.014983659407422025,0.009255229739020213,0.009302550339769164,0.015599187418353104,0.005866456507800573,0.00548337627118644,0.010080939454142927
2019-04,0.05371148442401133,0.01685682132907887,0.010019360529913894,0.05334806836524189,0.005764355177352687,0.00550393062605753,0.00866795472615357
2019-05,0.0164608671661393,0.012269632886902408,0.005437691114830161,0.014907179820584562,0.005535895501287495,0.005559716216216216,0.00434176891038513
2019-06,0.04877335839210795,0.013733941492424798,0.007514681666590842,0.04943406016791432,0.005267162704040084,0.005440244519392918,0.005387729808524156
2019-07,-0.04009126217761114,-0.0010135320506854594,0.006654356938349714,-0.04010725676270934,0.00568737354386526,0.005545161616161616,0.009157118093446973
2019-08,0.009269844692915669,0.012179265191513453,0.005775795819182819,0.00913811433855873,0.005467665333085683,0.0055571915966386555,0.005230719961981913
2019-09,0.04383006415589203,0.004105551201234697,0.003763944186348804,0.042468834733616394,0.005139947822202885,0.005518194630872483,0.0050004393068836415
2019-10,-0.01862326715362196,0.006990004746713941,0.00632247702490369,-0.01879109689212528,0.005116238620090288,0.005537412060301508,0.004003625855897835
2019-11,0.01912485286436532,0.008539649411633625,0.005539166673556142,0.01877405281684185,0.0058373406515875095,0.005561799331103678,0.007349864372618166
2019-12,-0.033016122514760965,0.0006695538884858429,0.005181709403431061,-0.03144109558895028,0.006170775094057661,0.005610954924874791,0.009793348302132264
2020-01,-0.024736854333246593,0.00048779168952762294,0.009224539299071785,-0.02412479655465419,0.005950094634576511,0.005648915,0.006309027398995077
2020-02,0.042171850256199864,0.02555733826784678,0.01183740737003465,0.04206133713963203,0.005853315969705462,0.00563753244592346,0.011146548467943296
2020-03,0.044938391841371036,0.007789847560181351,0.006846638490856902,0.04555429856975655,0.006007721368577987,0.005490174418604651,0.009095670174611905
2020-04,-0.08445164549098194,-0.011134393661409068,-0.0009892137846861625,-0.08404329401163832,0.004044404993727564,0.005276762852404643,0.0065038819237243535
2020-05,-0.0628680503668648,-0.0018923572456486697,-0.0015317301302731241,-0.06338212512547217,0.006155912786516079,0.005481420529801324,0.008898575254714615
2020-06,-0.009934771215609477,0.0055512330578512395,0.005953213154945132,-0.009694782185610729,0.006344660495929577,0.0055512330578512395,0.009057648817953772
2020-07,-0.008476372324524438,0.005575485148514852,0.007450645844176907,-0.00828255290861625,0.005904204894538875,0.005575485148514852,0.005156150115206245
2020-08,0.0056016935607994395,0.005659891268533773,0.004485033643052779,0.006089045784525751,0.005364457110195924,0.005659891268533773,0.003648089850162017
2020-09,-0.061895171623429064,0.005768950657894737,0.004865437885957252,-0.05806830963836952,0.005413836215686229,0.005768950657894737,0.007317422696125864
2020-10,0.08858151602009429,0.005696668308702792,0.0041405318603246625,0.08792234052302289,0.00618134414808816,0.005696668308702792,0.00823207670466615
2020-11,-0.019530886740988452,0.00564387213114754,0.0048045012402185465,-0.022871851557816632,0.005560609732696899,0.00564387213114754,0.004884156142951128
2020-12,-0.09018313537578002,0.005813528641571195,0.007471793984753205,-0.08647785019357623,0.006712810794466542,0.005813528641571195,0.009687485144681294
2021-01,0.005489891813914932,0.005871794117647059,0.004822827262625124,0.004455435220961236,0.005946935196963044,0.005871794117647059,0.002050312984080622
2021-02,-0.07943723825108966,0.005845817292006525,0.008544910135165106,-0.08198583215891692,0.006341459338420065,0.005845817292006525,0.005599433308676877
2021-03,0.050671522422559706,0.005878811074918567,0.004499364337214268,0.055303001840026504,0.006331830188903524,0.005878811074918567,0.0039055556372935615
2021-04,-0.07066058942274067,0.005939681300813008,0.006051882271516657,-0.07038812495898555,0.004895331105615886,0.005939681300813008,0.0021031693033910105
2021-05,-0.0009626685209874275,0.006017545454545455,0.005674293089090928,-0.0006974412984200474,0.0057789993361629525,0.006017545454545455,0.006949400983235972
2021-06,-0.0014417698082114863,0.006017854132901135,0.005554982250518686,-0.003750901191699848,0.005670226905127853,0.006017854132901135,0.0057217382626965786
2021-07,-0.02802726162652987,0.006046436893203884,0.006368631470610635,-0.027333321002586307,0.006674354849899061,0.006046436893203884,0.014160099902199826
2021-08,-0.023408337536427765,0.006075933764135703,0.004806870903900952,-0.024305911434595977,0.005158057830856913,0.006075933764135703,0.004129207291264178
2021-09,-0.02114794691234076,0.006115488709677419,0.006213403781140979,-0.02047009665817983,0.006186015034357686,0.006115488709677419,0.006102074267011513
2021-10,0.012485265524515565,0.006031442834138486,0.006727132025179217,0.012461469784426336,0.006031633611520045,0.006031442834138486,0.005399053057220804
2021-11,0.06864312702212556,0.006135106109324759,0.006433805826655585,0.06533071128220036,0.006078839300556061,0.006135106109324759,0.006813515003412796
2021-12,-0.07551754987095648,0.006113451043338683,0.005533228870984406,-0.07448517447613731,0.005340270043856271,0.006113451043338683,0.006775632420787336
2022-01,0.01435971527673377,0.006173341346153845,0.00626982147033991,0.011557994910593781,0.005205168296214718,0.006173341346153845,0.0016935496499888422
2022-02,0.009754770240023573,0.006079875199999999,0.007415402875809304,0.00647591820900674,0.004866318293080073,0.006079875199999999,-0.00207207065800713
2022-03,0.009465174072407836,0.0060233690095846636,0.008467504156027013,0.009346889855672991,0.005909336359693503,0.0060233690095846636,0.004217719452937908
2022-04,0.0526760547924368,0.006074089314194576,0.007046164706643243,0.05437696642694852,0.006225163955698093,0.006074089314194576,0.007758236034542187
2022-05,-0.03673909037351907,0.005924805732484077,0.005755215384219703,-0.03665905557166921,0.004646869837006403,0.005924805732484077,-0.002049601622457404
2022-06,-0.03038786362702691,0.0059155039745627976,0.006048538753623973,-0.02907651136899805,0.0051443988130092854,0.0059155039745627976,0.00019626188178275931
2022-07,0.06362651981757786,0.005775506349206348,0.004795334959068475,0.06132451919080996,0.006158201949069634,0.005775506349206348,0.009896073333056622
2022-08,0.015170794608054552,0.005318946051678486,0.009057016194997972,0.014666336066613269,0.006625948252441946,0.005913684627575277,0.013747588409483459
2022-09,0.05294262567967928,0.029093189462770723,0.00583756329113924,0.05433274233092046,0.006424102263929359,0.00583756329113924,0.007968619453538805
2022-10,0.05216582497031465,0.003964113278265317,0.005680797788309638,0.05208135194084962,0.005483307286679132,0.005680797788309638,0.005587029119702087
2022-11,-0.030512170172866525,0.005794783911671924,0.005794783911671924,-0.02837520236115708,0.004968035820938173,0.005794783911671924,0.0008825829425006173
2022-12,0.06932438704635173,0.005866390551181103,0.005866390551181103,0.06617065984648098,0.005463490730300599,0.005866390551181103,0.004897366581846664
2023-01,0.015588910338990139,0.005759550314465409,0.005759550314465409,0.014937637310373718,0.005506108398033242,0.005759550314465409,0.0013453475489566937
2023-02,-0.006768075097957238,0.0058451868131868135,0.0058451868131868135,-0.005179378123016536,0.006842213297359493,0.0058451868131868135,0.010192688587583845
2023-03,0.012838354763253196,0.005792663009404388,0.005792663009404388,0.011477642730346802,0.005533535534754758,0.005792663009404388,0.007638655535345317
2023-04,-0.012373200460769382,0.005836616588419405,0.005836616588419405,-0.014113317183707367,0.00573904024577694,0.005836616588419405,0.012326404100816165
2023-05,0.054355183864761,0.0058454890625,0.0058454890625,0.05410374668557375,0.005779096424157968,0.0058454890625,0.0047967756580071935
2023-06,-0.038278668141290925,0.00583903120124805,0.00583903120124805,-0.038528198905954256,0.0064028434745520635,0.00583903120124805,0.012826797659495778
2023-07,0.0028727051904083086,0.005927992211838006,0.005927992211838006,0.0030913997556532343,0.005913076882118938,0.005927992211838006,0.008199599813796412
2023-08,-0.025292116621639767,0.00596107465007776,0.00596107465007776,-0.025178771366708076,0.006119694481266683,0.00596107465007776,0.006841521848613703
2023-09,-0.0035329264818947416,0.005920880434782609,0.005920880434782609,-0.003871171151817801,0.0054689190241096015,0.005920880434782609,0.004609976807497257
2023-10,0.014749601554026171,0.005831288372093023,0.005831288372093023,0.015293203695444211,0.005456399018350486,0.005831288372093023,0.00427103297756232
2023-11,-0.026783504999919366,0.00578241640866873,0.00578241640866873,-0.027844858442170963,0.004817140148879707,0.00578241640866873,0.004160418527593336
2023-12,0.006708367839060078,0.005907024729520865,0.005907024729520865,0.0075618270076580184,0.0064819759586016035,0.005907024729520865,0.00723438070846555
2024-01,0.030747164456170633,0.005961498456790123,0.005961498456790123,0.030579118364549348,0.006808110400680924,0.005961498456790123,0.009053464537289096
2024-02,0.008405185485322719,0.005969463790446842,0.005969463790446842,0.00711472383373218,0.005511168229263003,0.005969463790446842,0.0022154521028869834
2024-03,0.061510089550129265,0.006035404615384615,0.006035404615384615,0.06293976006780139,0.006908341816756048,0.006035404615384615,0.008229801351078536
2024-04,-0.021134598978098943,0.006069007680491551,0.006069007680491551,-0.023693390268869727,0.005571221280532134,0.006069007680491551,0.0012472941194222008
2024-05,0.02521101894674109,0.005991447852760736,0.005991447852760736,0.025137704124339938,0.0056555364027034375,0.005991447852760736,0.0075702842280663514
2024-06,0.0919322423239278,0.006051232771822359,0.006051232771822359,0.0916788405630396,0.006020977011723217,0.006051232771822359,0.007767875209382216
2024-07,0.01520616305700568,0.006092590214067279,0.006092590214067279,0.015147018057537914,0.006149361392280303,0.006092590214067279,0.006983241866393727
2024-08,0.08132473699764711,0.006094964885496183,0.006094964885496183,0.08093114055011405,0.006534647876921767,0.006094964885496183,0.007822842880209855
2024-09,-0.062065463996000554,-0.009899630810398888,0.006115373475609756,-0.061045908039821586,0.006022937366833451,0.006115373475609756,0.008294008120157176
2024-10,0.02880300012453002,0.006134712328767123,0.006134712328767123,0.029450799891075165,0.006337478946843554,0.006134712328767123,0.007488227371625843
2024-11,-0.06938457577386256,-0.006130945053773718,0.006106255319148935,-0.0685962768186073,0.006354946958249538,0.006106255319148935,0.006559837738508834
2024-12,0.00015777046766743755,0.006182603945371777,0.006182603945371777,-0.0005922468253212413,0.006948018504753604,0.006182603945371777,0.008509655737994233
